0D
0D
10
80
01
01
A0
AF
0E
8E
01
10
10
80
B1
01
A2
AF
BE
8E
01
1C
10
80
11
01
A4
AF
1E
8E
01
18
10
80
A1
01
A6
AF
AE
8E
01
14
10
80
01
01
AA
AF
0E
8E
01
10
10
80
B1
01
AC
AF
BE
8E
01
1C
10
80
11
01
AE
AF
1E
8E
01
18
10
80
A1
01
A0
AF
AE
8E
01
14
10
80
51
01
82
20
A2
5E
8E
01
9E
10
80
31
01
80
A3
12
02
22
3E
8E
01
94
01
02
D0
80
11
01
20
2F
DE
8E
1E
02
02
1A
01
02
C0
80
11
01
00
22
2F
CE
8E
10
02
02
18
01
02
C0
80
11
01
00
00
24
2F
CE
8E
10
02
02
16
01
02
B0
80
00
11
01
26
2F
BE
8E
12
02
02
18
01
02
B0
80
00
11
01
00
28
2F
BE
8E
12
02
02
16
01
02
E0
80
00
00
11
01
2A
2F
EE
8E
12
02
02
16
01
02
11
01
20
80
20
2F
2E
8E
16
02
02
1A
01
02
11
01
10
80
00
22
2F
1E
8E
18
02
02
18
01
02
11
01
10
80
00
00
24
2F
1E
8E
18
02
02
16
01
02
11
01
00
00
80
26
2F
0E
8E
1A
02
02
18
01
02
11
01
00
00
80
00
28
2F
0E
8E
1A
02
02
16
01
02
11
01
00
00
30
80
2A
2F
3E
8E
1A
02
02
16
18
0D
0D
00
0D
0D
00
00
00
00
00
00
00
00
00
00
00
00
00
00
00
00
00
00
00
00
00
00
00
00
00
00
00
00
00
00
00
00
00
00
00
00
00
00
00
00
00
00
00
00
00
00
00
00
00
00
00
00
00
00
00
00
00
00
00
00
00
00
00
00
00
00
00
00
00
00
00
00
00
00
00
00
00
00
00
00
00
00
00
00
00
00
00
00
00
00
00
00
00
00
00
00
00
00
00
00
00
00
00
00
00
00
00
00
00
00
00
00
00
00
00
00
00
00
00
00
00
00
00
00
00
00
00
00
00
00
00
00
00
00
00
00
00
00
00
00
00
00
00
00
00
00
00
00
00
00
00
00
00
00
00
00
00
00
00
00
00
00
00
00
00
00
00
00
00
00
00
00
00
00
00
00
00
00
00
00
00
00
00
00
00
00
00
00
00
00
00
00
00
00
00
00
00
00
00
00
00
00
00
00
00
00
00
00
00
00
00
00
00
00
00
00
00
00
00
00
00
00
00
00
00
00
00
00
00
00
00
00
00
00
00
00
00
00
00
00
00
00
00
00
00
00
00
00
00
00
00
00
00
00
00
00
00
00
00
00
00
00
00
00
00
00
00
00
00
00
00
00
00
00
00
00
00
00
00
00
00
00
00
00
00
00
00
00
00
00
00
00
00
00
00
00
00
00
00
00
00
00
00
00
00
00
00
00
00
00
00
00
00
00
00
00
00
00
00
00
00
00
00
00
00
00
00
00
00
00
00
00
00
00
00
00
00
00
00
00
00
00
00
00
00
00
00
00
00
00
00
00
00
00
00
00
00
00
00
00
00
00
00
00
00
00
00
00
00
00
00
00
00
00
00
00
00
00
00
00
00
00
00
00
00
00
00
00
00
00
00
00
00
00
00
00
00
00
00
00
00
00
00
00
00
00
00
00
00
00
00
00
00
00
00
00
00
00
00
00
00
00
00
00
00
00
00
00
00
00
00
00
00
00
00
00
00
00
00
00
00
00
00
00
00
00
00
00
00
00
00
00
00
00
00
00
00
00
00
00
00
00
00
00
00
00
00
00
00
00
00
00
00
00
00
00
00
00
00
00
00
00
00
00
00
00
00
00
00
00
00
00
00
00
00
00
00
00
00
00
00
00
00
00
00
00
00
00
00
00
00
00
00
00
00
00
00
00
00
00
00
00
00
00
00
00
00
00
00
00
00
00
00
00
00
00
00
00
00
00
00
00
00
00
00
00
00
00
00
00
00
00
00
00
00
00
00
00
00
00
00
00
00
00
00
00
00
00
00
00
00
00
00
00
00
00
00
00
00
00
00
00
00
00
00
00
00
00
00
00
00
00
00
00
00
00
00
00
00
00
00
00
00
00
00
00
00
00
00
00
00
00
00
00
00
00
00
00
00
00
00
00
00
00
00
00
00
00
00
00
00
00
00
00
00
00
00
00
00
00
00
00
00
00
00
00
00
00
00
00
00
00
00
00
00
00
00
00
00
00
00
00
00
00
00
00
00
00
00
00
00
00
00
00
00
00
00
00
00
00
00
00
00
00
00
00
00
00
00
00
00
00
00
00
00
00
00
00
00
00
00
00
00
00
00
00
00
00
00
00
00
00
00
00
00
00
00
00
00
00
00
00
00
00
00
00
00
00
BE
BE
BE
BE
BE
BE
BE
BE
BE
BE
00
00
00
00
00
00
00
00
00
00
00
00
00
00
00
00
00
00
00
00
00
00
00
00
